1.7219908764603975 0.3235872068403509 1
0.4739553330092069 0.835462129883752 1
1.313177264227651 1.158898908045651 1
1.326973917710686 1.088545816966106 1
1.4674391693040691 1.0840879983571217 1
0.4355873494254976 1.3926156482612946 1
0.37417570461188376 1.1478884133548746 1
1.0642121538390015 1.206322829092948 1
0.9902276399549642 1.5106744559670418 1
0.29909496998292406 0.9268934972899985 1
1.4363037985407208 0.747811299288375 1
1.4320056911778147 0.3141064259607361 1
1.0911662032520482 0.3591374351538481 1
0.9482102651871058 0.7698268422791943 1
1.4833044585701662 1.0744791159967195 1
1.1470004759208376 0.7768592493848949 1
0.5860034463866372 0.7520392404727203 1
0.6967031598052192 1.227282211566405 1
1.113518961760478 1.1304965988901783 1
1.8128176723438432 0.9489347793688585 1
1.1445648431775364 1.3141685886733152 1
0.890307239601474 1.3257960461645824 1
0.9754657297912416 1.9377990328465473 1
1.1663028880177375 1.4431182032804486 1
1.8974958302435119 1.5121430576612696 1
0.31611927687588526 0.6537988378713614 -1
0.519555204699626 1.0498296554710258 1
1.4221112965779583 0.8514657487910943 1
1.0860434748847294 0.06267608346875231 1
0.48782247286556424 1.2804796082622472 1
0.7793043771241883 1.2649110895010318 1
1.4027396956783411 1.5476268786443912 1
0.9477598976054902 0.6842661262543585 1
1.16550874206369 0.7884772278859684 1
0.7809086527551177 0.9065843203584117 1
1.4646077724019393 1.3864702651743221 1
1.51916521093024 1.1919747235752842 1
0.5488053216291883 0.5924413790594355 1
0.8344747199270818 0.7618507558053075 1
1.508996445592115 0.9542690465869706 1
0.2892093888663487 0.6581577663626943 -1
1.3732484277262085 1.330641731401565 1
1.103267419856638 0.22288724630082069 1
1.1459210243201343 1.1317859717547196 1
1.7143619206192091 1.3314624076918602 1
0.9604874590161931 1.9071438788895585 1
0.9371034858627884 1.5686148240109363 1
1.1940169337470303 1.1302378909161495 1
1.7035234038765625 1.2837192208216954 1
0.9224767714311511 1.5222817361157737 1
1.327096245146334 1.0478195121253462 1
0.6555444090443304 1.5860992547368862 1
1.245559267377378 0.4682670743240289 1
0.5991949311327963 1.3725824216087326 1
0.5392912643989689 1.636164549719287 1
0.7788896142355047 1.0517391286310698 1
1.176542460284554 0.5375057643356036 1
0.587850077107428 0.6931301213083735 1
0.5887760756482022 1.5510074915374341 1
1.4104919393634647 0.9822900120801423 1
0.7498377519336928 1.01376894052156 1
0.9909565653179404 1.5398449416371995 1
0.498766355946903 1.3909789115301132 1
0.8836128321007604 1.0773275427283624 1
0.7242060473170858 0.8610762829060432 1
1.0825749739873571 0.713784594310976 1
0.6646882567497172 0.6360841621955812 1
0.98327825876775 0.44238065775993174 1
0.564225109036921 1.4992171253870408 1
1.1467611259751944 0.9937450980196598 1
0.20359046323189633 1.187677666236343 1
0.8679633720532582 0.8727833671790817 1
0.9388221590723369 0.3140734518083812 1
1.1356251090515255 0.9791626413579135 1
1.3148605698228 1.2572373539023873 1
1.4133515409262378 1.2062318358444148 1
1.5079087857605926 1.062180805285755 1
0.9467240080628092 1.3057594210007064 1
0.8573844232587088 0.893183829845413 1
1.288880365186028 1.105514372382371 1
1.0555214141067504 1.2586814638653072 1
1.235203725643901 1.0272742398641759 1
0.8152753740972816 0.9892741609150691 1
0.8019805429443572 0.8395355514155006 1
1.0400478068923553 0.5923755894193701 1
0.0913272320330285 1.446631097489437 1
1.210436155293596 0.9582485205006869 1
1.0339151489638736 1.106429695237217 1
0.27946244744751103 1.218510658570159 1
0.7150101056597065 1.0130419635065584 1
0.18141177296860966 0.2542202598435612 -1
1.6290135963624017 1.295089134699456 1
1.0390360910031635 0.616483621051718 1
1.4494165411995146 1.4374745833474147 1
1.3076222777175948 1.3105796324903167 1
1.3599144922679158 0.5004376879009654 1
0.738226323107079 0.30599857203548986 1
0.8681467391414179 1.6649000591299563 1
1.3255776462685853 1.2912682207655168 1
